// --- PARA CUES (odvozeno z reálného zarovnání audia, Whisper) ---
PART1_CUES = [6.40, 28.90, 62.10, 78.06, 86.79, 95.80, 119.62, 162.60, 175.94, 200.16, 207.58, 219.96, 229.32, 247.52, 264.76, 278.84, 294.54, 324.46, 354.06, 376.46];  // 20 odstavců
PART2_CUES = [10.18, 39.68, 64.60, 106.70, 123.83, 150.66, 163.68, 185.42, 225.12, 257.00, 293.74, 301.34];  // 12 odstavců
PART3_CUES = [10.46, 47.38, 85.92, 125.92, 145.94, 182.38, 217.38, 247.98, 259.54, 265.28, 298.68, 318.42, 346.62, 374.04, 402.42];  // 15 odstavců

PART_PANEL_TIMES = {
  1: [6.40, 20.63, 28.90, 30.74, 41.40, 50.14, 55.46, 62.10, 64.14, 74.24, 78.06, 86.79, 88.24, 91.14, 95.80, 101.58, 107.70, 109.80, 119.62, 122.14, 124.80, 132.08, 136.66, 141.66, 149.86, 154.26, 162.60, 164.26, 175.94, 179.92, 191.84, 200.16, 203.02, 207.58, 210.82, 219.96, 229.32, 231.50, 236.30, 247.52, 249.54, 255.90, 264.76, 266.96, 278.84, 283.98, 294.54, 299.24, 302.80, 311.04, 316.60, 324.46, 327.56, 337.62, 348.36, 354.06, 356.78, 360.16, 368.34, 376.46],
  2: [10.18, 17.94, 27.62, 31.02, 39.68, 43.34, 50.14, 52.24, 59.50, 64.60, 67.82, 72.52, 73.76, 83.30, 89.50, 92.96, 106.70, 110.42, 114.12, 120.14, 123.83, 127.52, 131.21, 134.90, 136.50, 145.18, 150.66, 152.78, 158.18, 163.68, 166.14, 172.76, 180.98, 185.42, 187.62, 194.32, 204.32, 206.92, 213.70, 225.12, 228.78, 236.04, 239.42, 246.28, 250.50, 257.00, 263.42, 267.26, 272.42, 275.56, 278.48, 288.06, 293.74, 301.34, 308.34, 313.42, 319.52, 323.36, 326.32, 330.72, 334.26, 342.90, 342.90],
  3: [10.46, 16.68, 21.68, 30.62, 38.98, 47.38, 54.10, 57.78, 62.72, 66.96, 68.68, 77.30, 85.92, 89.92, 92.40, 95.20, 103.70, 112.88, 119.30, 121.12, 125.92, 131.46, 135.24, 140.59, 145.94, 149.40, 157.30, 167.54, 175.98, 181.06, 182.38, 188.04, 196.44, 201.26, 203.60, 209.08, 217.38, 220.76, 226.70, 228.88, 241.92, 247.98, 253.60, 259.54, 261.14, 265.28, 269.22, 273.50, 284.44, 290.16, 298.68, 302.38, 306.10, 311.66, 318.42, 325.86, 332.46, 336.16, 342.54, 346.62, 349.72, 358.16, 366.92, 374.04, 376.61, 379.18, 389.12, 393.66, 396.90, 402.42, 406.50, 410.54],
};
